,AÑO,CCAA,Cont AMARILLO,HABITANTES,Cont AZUL,Nº Habitantes,Total KG Recogidos
0,1998,ANDALUCIA,2959304,238261,4228512,600847,7187816
1,1998,ASTURIAS,70260,250981,4852620,721222,4922880
2,1998,CATALUNA,6220,358403,4362720,4096080,4368940
3,1998,GALICIA,97260,109220,43410,7929,140670
4,1998,MADRID,13139520,1377467,4748282,3394223,17887802
5,1998,PAIS VASCO,157030,10525,4127213,197618,4284243
6,1999,ANDALUCIA,4461398,441771,21534719,3045079,25996117
7,1999,ASTURIAS,656240,879592,11662481,1081834,12318721
8,1999,BALEARES,362100,14148,18235229,768258,18597329
9,1999,CATALUNA,10465470,4394412,84728660,6144120,95194130
10,1999,GALICIA,7217434,649164,3996359,562078,11213793
11,1999,LA RIOJA,351545,70126,2406280,245257,2757825
12,1999,MADRID,45073870,2950870,38509177,5091336,83583047
13,1999,NAVARRA,465080,60448,4702485,413245,5167565
14,1999,PAIS VASCO,6711517,1497858,48214363,1991747,54925880
15,1999,REGION DE MURCIA,4690,13460,550349,107818,555039
16,2000,ANDALUCIA,6384950,876658,28077022,4319986,34461972
17,2000,ARAGON,333520,71097,12035618,738965,12369138
18,2000,ASTURIAS,1783080,881210,13314891,1084314,15097971
19,2000,BALEARES,1395848,73442,22608988,815821,24004836
20,2000,CANARIAS,8060,8082,229660,33520,237720
21,2000,CANTABRIA,262610,54313,6023749,482140,6286359
22,2000,CASTILLA Y LEON,590470,117985,10907958,699848,11498428
23,2000,CASTILLA-LA MANCHA,406175,88038,7257399,1119551,7663574
24,2000,CATALUNA,19103639,5994753,81737170,6203900,100840809
25,2000,COMUNIDAD VALENCIANA,368244,140079,1431146,173891,1799390
26,2000,GALICIA,9793305,765483,4736422,1035353,14529727
27,2000,LA RIOJA,1096621,146672,3745131,259386,4841752
28,2000,MADRID,112790410,4214171,70278900,5145325,183069310
29,2000,NAVARRA,875700,91116,7553559,443581,8429259
30,2000,PAIS VASCO,12126149,1987073,51014791,1993921,63140940
31,2000,REGION DE MURCIA,72210,92662,1274258,168850,1346468
32,2001,ANDALUCIA,10359299,1767061,41430634,5977351,51789933
33,2001,ARAGON,1087110,219256,13924880,945984,15011990
34,2001,ASTURIAS,2747900,1066678,14815292,1076567,17563192
35,2001,BALEARES,1710528,306037,24220620,839341,25931148
36,2001,CANARIAS,816650,173485,2429775,489276,3246425
37,2001,CANTABRIA,612189,93613,5824421,485000,6436610
38,2001,CASTILLA Y LEON,2175930,401545,20384901,1371468,22560831
39,2001,CASTILLA-LA MANCHA,1816898,446115,10072939,1505489,11889837
40,2001,CATALUNA,26701707,6170534,87762401,6258387,114464108
41,2001,COMUNIDAD VALENCIANA,3353957,1122063,6183541,2533802,9537498
42,2001,GALICIA,10142454,1465996,14479825,1705847,24622279
43,2001,LA RIOJA,1815650,231778,4511186,259006,6326836
44,2001,MADRID,154118014,5099743,81125947,5205408,235243961
45,2001,NAVARRA,1029320,112808,7359826,473852,8389146
46,2001,PAIS VASCO,13621602,2056456,52074619,2001051,65696221
47,2001,REGION DE MURCIA,1216940,499155,3865161,540986,5082101
48,2002,ANDALUCIA,21240379,3792302,51976145,6608021,73216524
49,2002,ARAGON,1744380,256130,15314829,1037487,17059209
50,2002,ASTURIAS,3347510,1075329,16647620,1075329,19995130
51,2002,BALEARES,2771141,568087,24444644,871752,27215785
52,2002,CANARIAS,1741007,329708,5098796,867676,6839803
53,2002,CANTABRIA,794232,134694,5830444,491484,6624676
54,2002,CASTILLA Y LEON,3308520,484627,24394101,1665614,27702621
55,2002,CASTILLA-LA MANCHA,3386111,824768,14183468,1642051,17569579
56,2002,CATALUNA,35432284,6266578,95353333,6357748,130785617
57,2002,COMUNIDAD VALENCIANA,6526292,2148255,31058376,3242039,37584668
58,2002,EXTREMADURA,124920,34412,2891918,638983,3016838
59,2002,GALICIA,11929788,1701709,19022016,2035698,30951804
60,2002,LA RIOJA,2329690,266713,4817875,265699,7147565
61,2002,MADRID,142967869,5384866,89656600,5372433,232624469
62,2002,NAVARRA,1633120,176111,9965938,524128,11599058
63,2002,PAIS VASCO,15436401,2082002,54091761,2019018,69528162
64,2002,REGION DE MURCIA,5389368,929566,9909803,940215,15299171
65,2003,ANDALUCIA,30339752,4985174,59141172,6961859,89480924
66,2003,ARAGON,4489450,655127,16996413,1114655,21485863
67,2003,ASTURIAS,5022830,1073971,19698484,1073971,24721314
68,2003,BALEARES,4146682,862328,26706734,915724,30853416
69,2003,CANARIAS,3097631,843629,11470934,1612599,14568565
70,2003,CANTABRIA,1329323,349163,6887019,496110,8216342
71,2003,CASTILLA Y LEON,4142310,538823,29205915,1773143,33348225
72,2003,CASTILLA-LA MANCHA,4589084,886871,16347613,1658533,20936697
73,2003,CATALUNA,45372696,6422900,132121948,6502785,177494644
74,2003,COMUNIDAD VALENCIANA,11589483,3264171,48174402,3988096,59763885
75,2003,EXTREMADURA,904235,243747,2804576,644274,3708811
76,2003,GALICIA,13098641,1834719,22224531,2539567,35323172
77,2003,LA RIOJA,2646780,278030,5112566,278093,7759346
78,2003,MADRID,146111721,5525535,114087417,5527152,260199138
79,2003,NAVARRA,1940780,180726,11691513,537516,13632293
80,2003,PAIS VASCO,17577002,2099290,55924008,2027936,73501010
81,2003,REGION DE MURCIA,6849135,1032093,11845416,1023343,18694551
82,2004,ANDALUCIA,36229979,5990033,70005202,7264426,106235181
83,2004,ARAGON,5098860,668345,17896427,1128568,22995287
84,2004,ASTURIAS,5663290,1075381,21335726,1075381,26999016
85,2004,BALEARES,4880138,892086,28222794,947361,33102932
86,2004,CANARIAS,4367286,1341301,14239113,1752112,18606399
87,2004,CANTABRIA,1537198,444722,7497681,503565,9034879
88,2004,CASTILLA Y LEON,5553308,788275,33292715,1818068,38846023
89,2004,CASTILLA-LA MANCHA,4976923,898184,17941175,1705464,22918098
90,2004,CATALUNA,49866237,6546554,136419812,6699771,186286049
91,2004,COMUNIDAD VALENCIANA,14615259,3869894,36309971,4221579,50925230
92,2004,EXTREMADURA,2303259,431352,3195955,651200,5499214
93,2004,GALICIA,14416238,2047785,27679871,2601895,42096109
94,2004,LA RIOJA,2959190,283735,5884871,285761,8844061
95,2004,MADRID,149529837,5717828,106512760,5718870,256042597
96,2004,NAVARRA,2110440,183061,13974609,552645,16085049
97,2004,PAIS VASCO,19964453,2112204,61446036,2043129,81410489
98,2004,REGION DE MURCIA,7297591,1104738,13497670,1129327,20795261
99,2005,ANDALUCIA,42474222,6748852,82271924,7468663,124746146
100,2005,ARAGON,6166128,736228,20544986,1151463,26711114
101,2005,ASTURIAS,5663200,1073761,22856840,1073761,28520040
102,2005,BALEARES,5893671,904703,30504173,955045,36397844
103,2005,CANARIAS,5407077,1553304,17276591,1766324,22683668
104,2005,CANTABRIA,2404078,464722,9460717,522360,11864795
105,2005,CASTILLA Y LEON,7713327,898701,36699403,1889520,44412730
106,2005,CASTILLA-LA MANCHA,5821146,969860,20081370,1738907,25902516
107,2005,CATALUNA,59322501,6589311,171654272,6850434,230976773
108,2005,COMUNIDAD VALENCIANA,18410643,4157220,55518089,4361268,73928732
109,2005,EXTREMADURA,3099053,500884,3741280,664357,6840333
110,2005,GALICIA,15956888,2177609,32114033,2691567,48070921
111,2005,LA RIOJA,3239645,290387,6383902,292649,9623547
112,2005,MADRID,128523595,5791277,118815598,5804427,247339193
113,2005,NAVARRA,4461217,507465,17937557,562302,22398774
114,2005,PAIS VASCO,21626260,2115279,67581695,2044227,89207955
115,2005,REGION DE MURCIA,7810667,1219509,14340915,1238483,22151582
116,2006,ANDALUCIA,49715541,7042187,95909473,7607920,145625014
117,2006,ARAGON,8631794,900646,24448607,1189422,33080401
118,2006,ASTURIAS,5916772,1076635,24179127,1076635,30095899
119,2006,BALEARES,7790261,975625,34470495,1005401,42260756
120,2006,CANARIAS,6843910,1674561,18988708,1832903,25832618
121,2006,CANTABRIA,3304922,514904,11629798,530890,14934720
122,2006,CASTILLA Y LEON,10520996,1346378,41896887,2019418,52417883
123,2006,CASTILLA-LA MANCHA,8537704,1567393,23112600,1817371,31650304
124,2006,CATALUNA,70885157,6784339,192569829,6994231,263454986
125,2006,COMUNIDAD VALENCIANA,22937921,4416429,64767193,4554394,87705114
126,2006,EXTREMADURA,4730600,685807,4897641,763650,9628241
127,2006,GALICIA,17481122,2247861,36015506,2733702,53496628
128,2006,LA RIOJA,3586490,298145,7314460,300278,10900950
129,2006,MADRID,132653190,5963786,130178777,5964143,262831967
130,2006,NAVARRA,9690416,515541,25546585,575754,35237001
131,2006,PAIS VASCO,23150030,2124846,71579343,2065360,94729373
132,2006,REGION DE MURCIA,8726186,1265552,15963193,1285747,24689379
133,2007,ANDALUCIA,59451177,7372764,108032136,7754426,167483313
134,2007,ARAGON,11580512,1068682,28690100,1223665,40270612
135,2007,ASTURIAS,6697606,1076896,25551862,1076896,32249468
136,2007,BALEARES,9959052,993105,39900848,1001062,49859900
137,2007,CANARIAS,8991485,1789869,22653907,1869263,31645392
138,2007,CANTABRIA,3992580,561680,12704043,557332,16696623
139,2007,CASTILLA Y LEON,14403547,1635010,50703541,2195416,65107088
140,2007,CASTILLA-LA MANCHA,11946065,1771420,28046134,1856665,39992199
141,2007,CATALUNA,84674472,6978614,214719347,7128334,299393819
142,2007,COMUNIDAD VALENCIANA,29090218,4531992,72806579,4701153,101896797
143,2007,EXTREMADURA,6722666,801212,7200016,842056,13922682
144,2007,GALICIA,18598106,2256639,38176950,2741032,56775056
145,2007,LA RIOJA,3939610,303511,8459150,305521,12398760
146,2007,MADRID,137230544,6007815,139061399,6008183,276291943
147,2007,NAVARRA,10827119,527421,29289242,591149,40116361
148,2007,PAIS VASCO,25767570,2133684,79248216,2123737,105015786
149,2007,REGION DE MURCIA,10513940,1337062,17958943,1342166,28472883
150,2008,ANDALUCIA,72868762,7515427,115673710,7854762,188542472
151,2008,ARAGON,13888342,1148311,31112423,1264177,45000765
152,2008,ASTURIAS,8041599,1074862,27318464,1074862,35360063
153,2008,BALEARES,11717520,1028539,40900732,1030650,52618252
154,2008,CANARIAS,11433811,1921729,24946120,1946252,36379931
155,2008,CANTABRIA,4512694,572739,13338464,572024,17851158
156,2008,CASTILLA Y LEON,17039582,1694917,55296886,2284425,72336468
157,2008,CASTILLA-LA MANCHA,14762007,1851382,29495278,1902758,44257285
158,2008,CATALUNA,96510627,7125724,217789188,7202564,314299815
159,2008,COMUNIDAD VALENCIANA,34816592,4648763,76987168,4786619,111803760
160,2008,EXTREMADURA,8358520,865908,8540086,875978,16898606
161,2008,GALICIA,20870225,2233913,40617417,2746480,61487642
162,2008,LA RIOJA,4445250,306022,9087796,308112,13533046
163,2008,MADRID,138467833,6066754,147688212,6081689,286156045
164,2008,NAVARRA,11244170,533448,29818570,594839,41062740
165,2008,PAIS VASCO,28014190,2141860,81839702,2134766,109853892
166,2008,REGION DE MURCIA,11630131,1369153,18837087,1370841,30467218
167,2009,ANDALUCIA,79681325,7686923,112029913,7981807,191711238
168,2009,ARAGON,16262143,1264485,30993453,1299076,47255596
169,2009,ASTURIAS,9076124,1080138,25806104,1080138,34882228
170,2009,BALEARES,13410510,1072844,37043946,1072844,50454456
171,2009,CANARIAS,12591798,1982315,24290146,1997630,36881944
172,2009,CANTABRIA,4848114,582056,13104223,582056,17952337
173,2009,CASTILLA Y LEON,18897855,1807845,53258116,2351351,72155971
174,2009,CASTILLA-LA MANCHA,17044357,1942058,29419008,1988772,46463365
175,2009,CATALUNA,104590009,7277263,202624839,7335391,307214848
176,2009,COMUNIDAD VALENCIANA,38773930,4757116,73327923,4983806,112101853
177,2009,EXTREMADURA,9689654,925895,8398342,940528,18087996
178,2009,GALICIA,21994948,2237317,38041689,2759592,60036637
179,2009,LA RIOJA,4569980,314593,8745727,316651,13315707
180,2009,MADRID,141349314,6234203,147575088,6271638,288924402
181,2009,NAVARRA,11621320,547527,29869385,608924,41490705
182,2009,PAIS VASCO,30236540,2157110,77842570,2149856,108079110
183,2009,REGION DE MURCIA,12475650,1387723,18840103,1409138,31315753
184,2010,ANDALUCIA,83945677,7848452,110919478,8112736,194865155
185,2010,ARAGON,16843515,1327778,30914552,1324188,47758067
186,2010,ASTURIAS,10284146,1085289,26846544,1085289,37130690
187,2010,BALEARES,14536478,1095426,37812857,1095426,52349335
188,2010,CANARIAS,13432102,2047071,24605977,2053698,38038079
189,2010,CANTABRIA,5038470,589154,12534174,589154,17572644
190,2010,CASTILLA Y LEON,19972210,1913286,52418125,2412141,72390335
191,2010,CASTILLA-LA MANCHA,17952772,1995865,28566630,2039619,46519402
192,2010,CATALUNA,111261180,7387377,203155150,7443724,314416330
193,2010,COMUNIDAD VALENCIANA,40176614,4932269,71318672,5031193,111495286
194,2010,EXTREMADURA,10338038,937875,9499943,908557,19837981
195,2010,GALICIA,22144409,2246144,38229242,2774192,60373651
196,2010,LA RIOJA,4549580,318859,8775230,321393,13324810
197,2010,MADRID,141681423,6346907,135193036,6386932,276874459
198,2010,NAVARRA,11396680,563447,27630307,619722,39026987
199,2010,PAIS VASCO,31016710,2172196,76502174,2164834,107518884
200,2010,REGION DE MURCIA,13235961,1424136,19001709,1429831,32237670
201,2011,ANDALUCIA,83013724,7950703,105368268,8157631,188381992
202,2011,ARAGON,17037169,1323240,28492459,1316797,45529628
203,2011,ASTURIAS,10288917,1084341,23795201,1084341,34084118
204,2011,BALEARES,15368925,1106049,40988712,1106049,56357637
205,2011,CANARIAS,14734898,2102231,24508558,2102951,39243456
206,2011,CANTABRIA,5044046,592172,11849896,571076,16893942
207,2011,CASTILLA Y LEON,20937937,1980529,49523247,2446681,70461184
208,2011,CASTILLA-LA MANCHA,17867033,2017611,25793048,2055635,43660081
209,2011,CATALUNA,113349951,7434931,178333628,7483560,291683579
210,2011,CEUTA,85170,40289,3398502,80579,3483672
211,2011,COMUNIDAD VALENCIANA,41333811,4972828,63357836,4977833,104691647
212,2011,EXTREMADURA,10129174,976356,11058357,980918,21187531
213,2011,GALICIA,22171198,2245241,36274754,2774630,58445952
214,2011,LA RIOJA,4593111,319627,8199580,322381,12792691
215,2011,MADRID,138949594,6420047,109654070,6453405,248603664
216,2011,NAVARRA,11392689,572077,24009907,626305,35402596
217,2011,PAIS VASCO,31320623,2178339,72893214,2162767,104213837
218,2011,REGION DE MURCIA,13533364,1444899,16409219,1451113,29942583
219,2012,ANDALUCIA,80078378,8080122,94508507,8285531,174586885
220,2012,ARAGON,17113154,1334900,25515545,1310063,42628699
221,2012,ASTURIAS,10015819,1081487,19998281,1081487,30014100
222,2012,BALEARES,15927716,1113108,34032041,1113108,49959757
223,2012,CANARIAS,15341849,2110751,21386708,2110751,36728557
224,2012,CANTABRIA,5072958,593047,10700522,570220,15773480
225,2012,CASTILLA Y LEON,20926107,2011030,44810240,2456444,65736347
226,2012,CASTILLA-LA MANCHA,17585884,2034200,22379699,2073830,39965583
227,2012,CATALUNA,111426167,7469208,151542417,7528518,262968584
228,2012,CEUTA,46880,82376,3223260,82376,3270140
229,2012,COMUNIDAD VALENCIANA,39904928,4979420,56045176,4995874,95950104
230,2012,EXTREMADURA,9983141,986976,11071259,1025257,21054400
231,2012,GALICIA,21437773,2245890,32519481,2749614,53957254
232,2012,LA RIOJA,4545591,320064,7549530,322920,12095121
233,2012,MADRID,131776973,6466731,93945979,6484208,225722952
234,2012,NAVARRA,11469458,580550,21703220,634671,33172678
235,2012,PAIS VASCO,31857789,2184605,69133302,2177490,100991091
236,2012,REGION DE MURCIA,12931451,1452770,13628846,1459023,26560297
237,2013,ANDALUCIA,77766139,8050957,84261988,8331937,162028127
238,2013,ARAGON,16737542,1338763,24317753,1333237,41055295
239,2013,ASTURIAS,9943841,1077360,18566848,1077360,28510689
240,2013,BALEARES,16184773,1119438,33443741,1119439,49628514
241,2013,CANARIAS,15311574,2102640,21534642,2102644,36846216
242,2013,CANTABRIA,5063248,593787,9931534,570961,14994782
243,2013,CASTILLA Y LEON,20732699,2007659,41529789,2447191,62262488
244,2013,CASTILLA-LA MANCHA,17238253,2048013,20178467,2082436,37416720
245,2013,CATALUNA,108174628,7506373,141718048,7566158,249892676
246,2013,CEUTA,96290,84018,2028306,84018,2124596
247,2013,COMUNIDAD VALENCIANA,39411770,5006268,51656551,5026808,91068321
248,2013,EXTREMADURA,10395908,1022662,11067867,1051382,21463775
249,2013,GALICIA,21854679,2236958,29907851,2761969,51762530
250,2013,LA RIOJA,4529140,320881,7136350,323609,11665490
251,2013,MADRID,123959626,6498086,83808421,6498560,207768047
252,2013,NAVARRA,11541879,587826,20511271,636114,32053150
253,2013,PAIS VASCO,33956373,2193092,68139455,2187279,102095828
254,2013,REGION DE MURCIA,12365600,1462104,12578313,1471741,24943913
255,2014,ANDALUCIA,79152556,8091030,83635347,8356707,162787903
256,2014,ARAGON,16933613,1339396,22514107,1335506,39447720
257,2014,ASTURIAS,9983968,1068165,19280187,1068165,29264155
258,2014,BALEARES,17075863,1111668,34439113,1111668,51514976
259,2014,CANARIAS,15765718,2103253,20804196,2103317,36569914
260,2014,CANTABRIA,5077789,591818,9343887,568992,14421676
261,2014,CASTILLA Y LEON,20948316,1999310,40719379,2422349,61667695
262,2014,CASTILLA-LA MANCHA,17506823,2034494,19538288,2068094,37045111
263,2014,CATALUNA,109973052,7488958,134330031,7550336,244303083
264,2014,CEUTA,185942,84180,1072460,84180,1258402
265,2014,COMUNIDAD VALENCIANA,40152548,5024452,51994143,5037357,92146691
266,2014,EXTREMADURA,10597084,1023246,11073629,1062086,21670713
267,2014,GALICIA,22255010,2223136,30130450,2739126,52385460
268,2014,LA RIOJA,4484237,319457,7103572,322027,11587809
269,2014,MADRID,124068058,6495545,78345959,6494924,202414017
270,2014,NAVARRA,11441637,590144,21527906,633751,32969543
271,2014,PAIS VASCO,36195203,2191681,66215891,2187289,102411094
272,2014,REGION DE MURCIA,12703430,1464968,12746505,1471045,25449935
273,2015,ANDALUCIA,80138645,8042894,88209459,8304828,168348104
274,2015,ARAGON,17206396,1319406,22444835,1321054,39651231
275,2015,ASTURIAS,10476309,1061756,20334872,1061756,30811181
276,2015,BALEARES,18889208,1103434,35039371,1103434,53928579
277,2015,CANARIAS,17160616,2089866,21968766,2089867,39129382
278,2015,CANTABRIA,5239492,588586,9298401,565939,14537893
279,2015,CASTILLA Y LEON,21660866,2051227,40271987,2410948,61932853
280,2015,CASTILLA-LA MANCHA,18099326,2020078,18846974,2050091,36946300
281,2015,CATALUNA,112124524,7456895,137906941,7518593,250031465
282,2015,CEUTA,262220,84963,1686940,84963,1949160
283,2015,COMUNIDAD VALENCIANA,41737333,4957918,54612312,4945480,96349645
284,2015,EXTREMADURA,10795138,1021456,11581295,1058626,22376433
285,2015,GALICIA,22096287,2209037,30278464,2720477,52374751
286,2015,LA RIOJA,4505679,316493,7299879,319002,11805558
287,2015,MADRID,125740431,6454441,74447636,6450973,200188067
288,2015,NAVARRA,11862141,587189,24103791,631133,35965932
289,2015,PAIS VASCO,38740523,2188983,66400053,2175077,105140576
290,2015,REGION DE MURCIA,13378960,1459795,13588379,1465831,26967339
291,2016,ANDALUCIA,81851890,8046198,90158514,8337460,172010404
292,2016,ARAGON,17867004,1315618,22740529,1315520,40607533
293,2016,ASTURIAS,10867040,1051229,20721980,1051228,31589020
294,2016,BALEARES,20804831,1104464,35693552,1104464,56498383
295,2016,CANARIAS,18191096,2085285,23513915,2085277,41705011
296,2016,CANTABRIA,5446498,585108,9873736,585108,15320234
297,2016,CASTILLA Y LEON,22778430,2065270,41543355,2406513,64321785
298,2016,CASTILLA-LA MANCHA,18750869,2006787,19527856,2032159,38278725
299,2016,CATALUNA,115089209,7445950,139820794,7507646,254910003
300,2016,CEUTA,436620,84263,2411193,84263,2847813
301,2016,COMUNIDAD VALENCIANA,43485963,4959100,55701315,4947929,99187278
302,2016,EXTREMADURA,11310313,1030613,12193996,1065958,23504309
303,2016,GALICIA,22965072,2200455,32100540,2715039,55065612
304,2016,LA RIOJA,4595400,314481,7448264,317053,12043664
305,2016,MADRID,131555124,6436946,76206834,6436496,207761958
306,2016,NAVARRA,12171106,587153,24533269,639488,36704375
307,2016,PAIS VASCO,39863448,2189238,67932350,2187487,107795798
308,2016,REGION DE MURCIA,14640560,1460248,15158413,1466303,29798973
309,2017,ANDALUCIA,85614529,8041809,91550981,8337258,177165510
310,2017,ARAGON,18483801,1308016,22656037,1307494,41139838
311,2017,ASTURIAS,11443162,1042608,21062283,1042577,32505445
312,2017,BALEARES,23271933,1107214,37492280,1107215,60764213
313,2017,CANARIAS,19696370,2088706,25020571,2088715,44716941
314,2017,CANTABRIA,5698645,582132,9199539,582135,14898184
315,2017,CASTILLA Y LEON,23925686,2069605,42070288,2398261,65995974
316,2017,CASTILLA-LA MANCHA,19654772,2007542,19898387,2020046,39553159
317,2017,CATALUNA,121687255,7460959,146789193,7522230,268476448
318,2017,CEUTA,566500,84519,1716332,84519,2282832
319,2017,COMUNIDAD VALENCIANA,45812304,4948331,57065513,4936234,102877817
320,2017,EXTREMADURA,11756879,1079941,12654954,1086417,24411833
321,2017,GALICIA,23279460,2192791,31561011,2704443,54840471
322,2017,LA RIOJA,4798560,313346,7466050,315794,12264610
323,2017,MADRID,141031537,6465641,85247707,6471487,226279244
324,2017,NAVARRA,12495751,587482,24606460,639653,37102211
325,2017,PAIS VASCO,43470855,2189264,69124011,2189187,112594866
326,2017,REGION DE MURCIA,15593070,1457970,16024468,1463906,31617538
327,2018,ANDALUCIA,94185811,8041023,100472481,8328859,194658292
328,2018,ARAGON,20384825,1308273,25825698,1307833,46210523
329,2018,ASTURIAS,12635867,1034960,21687229,1034960,34323096
330,2018,BALEARES,26331115,1115995,40614907,1115966,66946022
331,2018,CANARIAS,22335113,2100248,27614186,2100256,49949299
332,2018,CANTABRIA,6246249,580225,9723396,580224,15969645
333,2018,CASTILLA Y LEON,26577168,2082423,43596564,2387953,70173732
334,2018,CASTILLA-LA MANCHA,22243386,2009916,21809115,2001459,44052501
335,2018,CATALUNA,138703947,7493277,176126515,7555556,314830462
336,2018,CEUTA,334160,84959,1175595,84959,1509755
337,2018,COMUNIDAD VALENCIANA,52280364,4931233,64421322,4918598,116701686
338,2018,EXTREMADURA,13102926,1070739,14210230,1080198,27313156
339,2018,GALICIA,25909030,2198985,34654153,2694906,60563183
340,2018,LA RIOJA,5295941,313438,7845580,315381,13141521
341,2018,MADRID,160878505,6507018,106254352,6506821,267132857
342,2018,NAVARRA,13606504,590308,26340275,642255,39946779
343,2018,PAIS VASCO,47872228,2168546,71250462,2194383,119122690
344,2018,REGION DE MURCIA,17240630,1467144,17991617,1468113,35232247
345,2019,ANDALUCIA,103226864,8045341,107935056,8330396,211161920
346,2019,ARAGON,22113578,1308259,26469842,1307979,48583420
347,2019,ASTURIAS,14305017,1028244,22969039,1028244,37274056
348,2019,BALEARES,30557593,1127384,41193712,1126971,71751305
349,2019,CANARIAS,25764333,2125739,30446537,2125715,56210870
350,2019,CANTABRIA,6779036,580165,10668185,580165,17447221
351,2019,CASTILLA Y LEON,28873998,2073106,45052109,2374266,73926107
352,2019,CASTILLA-LA MANCHA,24936352,2010688,23506598,2008822,48442950
353,2019,CATALUNA,153299057,7534314,193387206,7597023,346686263
354,2019,CEUTA,337800,85144,1012919,85144,1350719
355,2019,COMUNIDAD VALENCIANA,60855591,4956466,71913000,4944893,132768591
356,2019,EXTREMADURA,13861415,1062137,15092930,1064198,28954345
357,2019,GALICIA,28529467,2214755,37292271,2677584,65821738
358,2019,LA RIOJA,5657119,314410,8038021,315675,13695140
359,2019,MADRID,172191623,6578069,122685583,6578076,294877206
360,2019,MELILLA,272320,57589,1643870,86384,1916190
361,2019,NAVARRA,14585456,594716,27340355,646632,41925811
362,2019,PAIS VASCO,50246439,2199040,72751048,2199064,122997487
363,2019,REGION DE MURCIA,19997982,1477487,20536025,1477487,40534007
364,2020,ANDALUCIA,111296454,8070366,107940747,8357393,219237201
365,2020,ARAGON,24200624,1318856,27126023,1318627,51326647
366,2020,ASTURIAS,16111389,1022800,22525847,1022800,38637236
367,2020,BALEARES,28335825,1149449,32194716,1149449,60530541
368,2020,CANARIAS,28621665,2153116,27995020,2153084,56616685
369,2020,CANTABRIA,7449046,581016,10765439,581016,18214485
370,2020,CASTILLA Y LEON,32014581,2063322,45112486,2365794,77127067
371,2020,CASTILLA-LA MANCHA,28791402,2016693,24711622,2015096,53503024
372,2020,CATALUNA,167408855,7611672,200495186,7672261,367904041
373,2020,CEUTA,768108,84777,377250,84777,1145358
374,2020,COMUNIDAD VALENCIANA,68553468,4997827,74230387,4984906,142783855
375,2020,EXTREMADURA,15302875,1057929,15920478,1050679,31223353
376,2020,GALICIA,32331431,2208213,37532738,2675711,69864169
377,2020,LA RIOJA,6114160,315948,7875440,316798,13989600
378,2020,MADRID,188432057,6662767,127959428,6663393,316391485
379,2020,MELILLA,597020,86487,1239380,86487,1836400
380,2020,NAVARRA,15946966,601039,27077935,653312,43024901
381,2020,PAIS VASCO,53821057,2207776,70681555,2207763,124502612
382,2020,REGION DE MURCIA,22693209,1492876,21404468,1492876,44097677
383,2021,ANDALUCIA,113317327,8124249,108911682,8424555,222229009
384,2021,ARAGON,24291453,1329028,27524217,1328793,51815670
385,2021,ASTURIAS,16534377,1018782,22924746,1018783,39459123
386,2021,BALEARES,33186460,1171543,36704105,1171543,69890565
387,2021,CANARIAS,28909011,2175935,29100294,2175930,58009305
388,2021,CANTABRIA,7342846,582845,10222392,582845,17565238
389,2021,CASTILLA Y LEON,31944955,2078748,44672834,2364394,76617789
390,2021,CASTILLA-LA MANCHA,28968895,2029782,24326308,2028838,53295203
391,2021,CATALUNA,170211787,7716442,195707667,7779636,365919454
392,2021,CEUTA,645160,84202,418182,84202,1063342
393,2021,COMUNIDAD VALENCIANA,73520075,5055415,80476614,5041650,153996689
394,2021,EXTREMADURA,15044340,1060059,16073429,1060421,31117769
395,2021,GALICIA,32933946,2213850,37493290,2687278,70427236
396,2021,LA RIOJA,5981431,319531,7834720,319914,13816151
397,2021,MADRID,190498589,6779883,126358355,6779885,316856944
398,2021,MELILLA,593480,87076,1301551,87076,1895031
399,2021,NAVARRA,16210215,607813,28051255,660298,44261470
400,2021,PAIS VASCO,53793766,2220504,69748761,2220504,123542527
401,2021,REGION DE MURCIA,23155070,1510220,21811322,1510220,44966392
