,Country Name,Year,Population
897,Russia,2000,148020170
898,Russia,2001,147300367
899,Russia,2002,146495996
900,Russia,2003,145703488
901,Russia,2004,144966251
902,Russia,2005,144285722
903,Russia,2006,143701958
907,Russia,2010,143493100
908,Russia,2011,143489547
909,Russia,2012,143475007
910,Russia,2013,143447406
906,Russia,2009,143427695
904,Russia,2007,143407480
911,Russia,2014,143404233
905,Russia,2008,143359355
912,Russia,2015,143343305
913,Russia,2016,143260870
914,Russia,2017,143150610
915,Russia,2018,143005302
916,Russia,2019,142818379
917,Russia,2020,142588206
918,Russia,2021,142320790
919,Russia,2022,142021981
342,Germany,2020,84498245
341,Germany,2019,84486950
343,Germany,2021,84409193
340,Germany,2018,84333044
344,Germany,2022,84316622
339,Germany,2017,84123624
338,Germany,2016,83823029
337,Germany,2015,83106944
325,Germany,2003,82504552
326,Germany,2004,82487209
324,Germany,2002,82458415
327,Germany,2005,82439417
336,Germany,2014,82375634
328,Germany,2006,82346364
323,Germany,2001,82320660
329,Germany,2007,82236860
322,Germany,2000,82183670
330,Germany,2008,82065369
335,Germany,2013,82056877
334,Germany,2012,81862920
331,Germany,2009,81854784
333,Germany,2011,81759269
332,Germany,2010,81751319
321,France,2022,68305148
320,France,2021,68084217
319,France,2020,67858873
1126,United Kingdom,2022,67791400
318,France,2019,67625957
1125,United Kingdom,2021,67419123
317,France,2018,67382001
316,France,2017,67126156
1124,United Kingdom,2020,67022855
315,France,2016,66857439
1123,United Kingdom,2019,66603767
314,France,2015,66575000
313,France,2014,66278308
1122,United Kingdom,2018,66196401
312,France,2013,65966626
1121,United Kingdom,2017,65783069
311,France,2012,65638922
1120,United Kingdom,2016,65344284
310,France,2011,65294831
309,France,2010,64934209
1119,United Kingdom,2015,64868357
308,France,2009,64573487
1118,United Kingdom,2014,64346449
307,France,2008,64213993
1117,United Kingdom,2013,63872733
306,France,2007,63846797
305,France,2006,63451017
1116,United Kingdom,2012,63448099
304,France,2005,63054116
1115,United Kingdom,2011,62994194
303,France,2004,62673046
1114,United Kingdom,2010,62502490
302,France,2003,62306784
1113,United Kingdom,2009,62049797
301,France,2002,61958793
1112,United Kingdom,2008,61657030
300,France,2001,61601432
521,Italy,2015,61512589
520,Italy,2014,61504156
522,Italy,2016,61499222
523,Italy,2017,61498899
524,Italy,2018,61488598
525,Italy,2019,61449057
519,Italy,2013,61433746
526,Italy,2020,61337765
518,Italy,2012,61303175
299,France,2000,61251229
1111,United Kingdom,2007,61249260
527,Italy,2021,61196793
528,Italy,2022,61095551
517,Italy,2011,61092001
1110,United Kingdom,2006,60846808
516,Italy,2010,60786485
1109,United Kingdom,2005,60487346
515,Italy,2009,60461584
1108,United Kingdom,2004,60126952
514,Italy,2008,60091305
1107,United Kingdom,2003,59823618
513,Italy,2007,59626719
1106,United Kingdom,2002,59601520
1105,United Kingdom,2001,59374727
512,Italy,2006,59272879
1104,United Kingdom,2000,59139969
511,Italy,2005,59037807
510,Italy,2004,58716001
509,Italy,2003,58336020
508,Italy,2002,58076701
507,Italy,2001,57931051
506,Italy,2000,57784371
1081,Ukraine,2000,49013834
1082,Ukraine,2001,48520343
1083,Ukraine,2002,48074073
1084,Ukraine,2003,47692440
1085,Ukraine,2004,47342447
1034,Spain,2022,47163418
1033,Spain,2021,47103121
1032,Spain,2020,47041387
1086,Ukraine,2005,47002642
1031,Spain,2019,46812053
1087,Ukraine,2006,46685257
1030,Spain,2018,46474373
1023,Spain,2011,46466588
1024,Spain,2012,46444355
1022,Spain,2010,46412492
1088,Ukraine,2007,46406827
1025,Spain,2013,46290810
1021,Spain,2009,46290324
1029,Spain,2017,46268801
1028,Spain,2016,46159139
1089,Ukraine,2008,46155640
1026,Spain,2014,46151087
1027,Spain,2015,46117462
1090,Ukraine,2009,45950761
1020,Spain,2008,45910365
1091,Ukraine,2010,45768171
1092,Ukraine,2011,45603516
1093,Ukraine,2012,45491540
1094,Ukraine,2013,45388613
1019,Spain,2007,45211636
1095,Ukraine,2014,44943744
1018,Spain,2006,44431750
1096,Ukraine,2015,44428813
1097,Ukraine,2016,44207714
1098,Ukraine,2017,44029189
1100,Ukraine,2019,43951400
1099,Ukraine,2018,43943676
1101,Ukraine,2020,43903662
1102,Ukraine,2021,43745640
1017,Spain,2005,43704367
1103,Ukraine,2022,43528136
1016,Spain,2004,43000157
1015,Spain,2003,42321028
1014,Spain,2002,41639614
1013,Spain,2001,41046894
1012,Spain,2000,40589004
828,Poland,2000,38654162
829,Poland,2001,38643639
840,Poland,2012,38632128
839,Poland,2011,38631804
830,Poland,2002,38625974
841,Poland,2013,38618538
838,Poland,2010,38616395
831,Poland,2003,38599320
842,Poland,2014,38592156
837,Poland,2009,38587546
832,Poland,2004,38574205
843,Poland,2015,38559087
833,Poland,2005,38556604
836,Poland,2008,38556061
834,Poland,2006,38542453
835,Poland,2007,38537963
844,Poland,2016,38518526
845,Poland,2017,38469803
846,Poland,2018,38412361
847,Poland,2019,38345891
848,Poland,2020,38270292
849,Poland,2021,38185913
850,Poland,2022,38093101
874,Romania,2000,22262406
875,Romania,2001,22106060
876,Romania,2002,21930795
877,Romania,2003,21748090
878,Romania,2004,21573639
879,Romania,2005,21405705
880,Romania,2006,21239780
881,Romania,2007,21075777
882,Romania,2008,20888685
883,Romania,2009,20692612
884,Romania,2010,20532547
885,Romania,2011,20389656
886,Romania,2012,20252280
887,Romania,2013,20136346
888,Romania,2014,20016775
889,Romania,2015,19873138
890,Romania,2016,19722552
891,Romania,2017,19558508
892,Romania,2018,19382573
893,Romania,2019,19196073
894,Romania,2020,18986068
895,Romania,2021,18748356
896,Romania,2022,18519899
781,Netherlands,2022,17400824
780,Netherlands,2021,17337403
779,Netherlands,2020,17274001
778,Netherlands,2019,17210116
777,Netherlands,2018,17145121
776,Netherlands,2017,17079084
775,Netherlands,2016,17012019
774,Netherlands,2015,16943854
773,Netherlands,2014,16874277
772,Netherlands,2013,16802870
771,Netherlands,2012,16729271
770,Netherlands,2011,16653044
769,Netherlands,2010,16573644
768,Netherlands,2009,16490411
767,Netherlands,2008,16410056
766,Netherlands,2007,16351023
765,Netherlands,2006,16320438
764,Netherlands,2005,16299098
763,Netherlands,2004,16266339
762,Netherlands,2003,16216610
761,Netherlands,2002,16145468
760,Netherlands,2001,16046806
759,Netherlands,2000,15930182
114,Belgium,2022,11847338
113,Belgium,2021,11778842
112,Belgium,2020,11708235
111,Belgium,2019,11635321
110,Belgium,2018,11559893
109,Belgium,2017,11482059
108,Belgium,2016,11401905
107,Belgium,2015,11319441
106,Belgium,2014,11234661
105,Belgium,2013,11147559
104,Belgium,2012,11058132
378,Greece,2010,11039844
377,Greece,2009,11025521
370,Greece,2002,11019745
379,Greece,2011,11017574
371,Greece,2003,11009594
372,Greece,2004,10999476
376,Greece,2008,10996346
369,Greece,2001,10993255
373,Greece,2005,10990646
374,Greece,2006,10985750
375,Greece,2007,10982200
103,Belgium,2011,10962547
380,Greece,2012,10948200
368,Greece,2000,10925795
381,Greece,2013,10872247
102,Belgium,2010,10865721
382,Greece,2014,10801129
101,Belgium,2009,10777617
383,Greece,2015,10728157
206,Czechia,2022,10705384
384,Greece,2016,10703982
205,Czechia,2021,10702596
204,Czechia,2020,10698037
385,Greece,2017,10698002
100,Belgium,2008,10692800
203,Czechia,2019,10691502
202,Czechia,2018,10682727
201,Czechia,2017,10671766
386,Greece,2018,10668856
200,Czechia,2016,10658627
861,Portugal,2010,10650026
860,Portugal,2009,10645172
199,Czechia,2015,10643240
387,Greece,2019,10638236
859,Portugal,2008,10635102
862,Portugal,2011,10634486
198,Czechia,2014,10626503
858,Portugal,2007,10618141
99,Belgium,2007,10610154
197,Czechia,2013,10609322
388,Greece,2020,10604841
857,Portugal,2006,10595717
863,Portugal,2012,10591764
196,Czechia,2012,10591594
856,Portugal,2005,10576759
195,Czechia,2011,10573222
389,Greece,2021,10569703
855,Portugal,2004,10557290
194,Czechia,2010,10550886
98,Belgium,2006,10535514
864,Portugal,2013,10534203
390,Greece,2022,10533871
854,Portugal,2003,10530793
193,Czechia,2009,10518272
853,Portugal,2002,10490325
1057,Sweden,2022,10483647
865,Portugal,2014,10477254
97,Belgium,2005,10469151
192,Czechia,2008,10455430
852,Portugal,2001,10433815
866,Portugal,2015,10433546
1056,Sweden,2021,10432235
96,Belgium,2004,10413347
867,Portugal,2016,10400888
1055,Sweden,2020,10382678
868,Portugal,2017,10370571
95,Belgium,2003,10368850
191,Czechia,2007,10365254
851,Portugal,2000,10361404
869,Portugal,2018,10342137
94,Belgium,2002,10326359
870,Portugal,2019,10314630
1054,Sweden,2019,10311555
190,Czechia,2006,10300229
93,Belgium,2001,10292429
871,Portugal,2020,10288283
184,Czechia,2000,10268900
189,Czechia,2005,10266924
872,Portugal,2021,10263850
92,Belgium,2000,10263618
185,Czechia,2001,10250328
188,Czechia,2004,10247112
873,Portugal,2022,10242081
187,Czechia,2003,10238459
186,Czechia,2002,10235949
1053,Sweden,2018,10210063
414,Hungary,2000,10147425
415,Hungary,2001,10129929
416,Hungary,2002,10112777
1052,Sweden,2017,10094338
417,Hungary,2003,10091987
418,Hungary,2004,10072608
419,Hungary,2005,10057624
420,Hungary,2006,10046269
421,Hungary,2007,10034227
69,Belarus,2000,10033392
422,Hungary,2008,10020480
423,Hungary,2009,10006433
70,Belarus,2001,9999484
424,Hungary,2010,9989465
425,Hungary,2011,9970530
1051,Sweden,2016,9961459
71,Belarus,2002,9954884
426,Hungary,2012,9950567
427,Hungary,2013,9929530
428,Hungary,2014,9907419
72,Belarus,2003,9904905
429,Hungary,2015,9884329
430,Hungary,2016,9860398
73,Belarus,2004,9855646
1050,Sweden,2015,9838542
431,Hungary,2017,9835682
432,Hungary,2018,9810134
74,Belarus,2005,9806451
433,Hungary,2019,9783707
75,Belarus,2006,9763711
434,Hungary,2020,9756400
1049,Sweden,2014,9736574
76,Belarus,2007,9733326
435,Hungary,2021,9728337
77,Belarus,2008,9712051
436,Hungary,2022,9699577
78,Belarus,2009,9696331
79,Belarus,2010,9680067
80,Belarus,2011,9661277
1048,Sweden,2013,9647647
81,Belarus,2012,9642669
82,Belarus,2013,9623929
83,Belarus,2014,9604682
84,Belarus,2015,9584589
1047,Sweden,2012,9573255
85,Belarus,2016,9563641
86,Belarus,2017,9541820
87,Belarus,2018,9518834
1046,Sweden,2011,9503419
88,Belarus,2019,9494495
89,Belarus,2020,9468822
90,Belarus,2021,9441842
1045,Sweden,2010,9432308
91,Belarus,2022,9413505
1044,Sweden,2009,9352377
1043,Sweden,2008,9273133
1042,Sweden,2007,9201390
1041,Sweden,2006,9133722
1040,Sweden,2005,9082560
1039,Sweden,2004,9046267
1038,Sweden,2003,9010864
1037,Sweden,2002,8977438
1036,Sweden,2001,8948311
1035,Sweden,2000,8924354
68,Austria,2022,8913088
67,Austria,2021,8884864
66,Austria,2020,8856348
65,Austria,2019,8825644
64,Austria,2018,8790907
63,Austria,2017,8752360
62,Austria,2016,8710175
61,Austria,2015,8664442
60,Austria,2014,8615171
59,Austria,2013,8562327
58,Austria,2012,8512930
1080,Switzerland,2022,8508698
57,Austria,2011,8475092
1079,Switzerland,2021,8453550
56,Austria,2010,8447901
55,Austria,2009,8428464
54,Austria,2008,8406796
1078,Switzerland,2020,8398489
53,Austria,2007,8379589
52,Austria,2006,8352180
1077,Switzerland,2019,8343256
51,Austria,2005,8314652
1076,Switzerland,2018,8287563
50,Austria,2004,8263235
1075,Switzerland,2017,8231519
49,Austria,2003,8215680
48,Austria,2002,8178095
1074,Switzerland,2016,8175208
47,Austria,2001,8141540
1073,Switzerland,2015,8118683
46,Austria,2000,8113392
1072,Switzerland,2014,8059368
1071,Switzerland,2013,7994737
1070,Switzerland,2012,7924908
138,Bulgaria,2000,7908665
1069,Switzerland,2011,7849941
139,Bulgaria,2001,7846983
140,Bulgaria,2002,7784234
1068,Switzerland,2010,7769857
141,Bulgaria,2003,7722735
1067,Switzerland,2009,7693228
142,Bulgaria,2004,7665632
143,Bulgaria,2005,7611111
1066,Switzerland,2008,7610996
943,Serbia,2000,7604338
144,Bulgaria,2006,7558418
944,Serbia,2001,7548379
945,Serbia,2002,7530751
1065,Switzerland,2007,7529532
145,Bulgaria,2007,7509499
946,Serbia,2003,7496449
1064,Switzerland,2006,7478652
146,Bulgaria,2008,7465356
947,Serbia,2004,7462421
1063,Switzerland,2005,7448225
147,Bulgaria,2009,7427947
948,Serbia,2005,7424559
1062,Switzerland,2004,7417343
148,Bulgaria,2010,7391080
949,Serbia,2006,7384820
1061,Switzerland,2003,7384539
149,Bulgaria,2011,7350505
1060,Switzerland,2002,7348653
950,Serbia,2007,7346025
1059,Switzerland,2001,7312216
150,Bulgaria,2012,7308614
951,Serbia,2008,7307359
1058,Switzerland,2000,7277251
952,Serbia,2009,7270195
151,Bulgaria,2013,7267962
953,Serbia,2010,7233391
152,Bulgaria,2014,7228135
954,Serbia,2011,7195769
153,Bulgaria,2015,7186710
955,Serbia,2012,7159029
154,Bulgaria,2016,7144269
956,Serbia,2013,7124084
155,Bulgaria,2017,7100884
957,Serbia,2014,7089319
156,Bulgaria,2018,7056613
958,Serbia,2015,7052916
959,Serbia,2016,7015855
157,Bulgaria,2019,7011475
960,Serbia,2017,6978391
158,Bulgaria,2020,6965462
961,Serbia,2018,6940138
159,Bulgaria,2021,6919180
962,Serbia,2019,6902768
160,Bulgaria,2022,6873253
963,Serbia,2020,6856660
964,Serbia,2021,6796857
965,Serbia,2022,6739471
229,Denmark,2022,5920767
228,Denmark,2021,5894687
227,Denmark,2020,5868927
226,Denmark,2019,5841245
225,Denmark,2018,5809375
224,Denmark,2017,5773404
223,Denmark,2016,5733361
222,Denmark,2015,5688232
221,Denmark,2014,5647207
220,Denmark,2013,5617172
298,Finland,2022,5601547
219,Denmark,2012,5592472
297,Finland,2021,5587442
296,Finland,2020,5572355
218,Denmark,2011,5570463
295,Finland,2019,5556081
827,Norway,2022,5553840
217,Denmark,2010,5546980
294,Finland,2018,5538400
216,Denmark,2009,5521707
293,Finland,2017,5519372
826,Norway,2021,5509591
292,Finland,2016,5499022
215,Denmark,2008,5491488
291,Finland,2015,5477371
825,Norway,2020,5465387
214,Denmark,2007,5458200
290,Finland,2014,5454465
982,Slovakia,2016,5445305
983,Slovakia,2017,5445176
981,Slovakia,2015,5444716
984,Slovakia,2018,5444277
980,Slovakia,2014,5443439
985,Slovakia,2019,5442524
979,Slovakia,2013,5441501
986,Slovakia,2020,5439808
978,Slovakia,2012,5438948
987,Slovakia,2021,5436066
977,Slovakia,2011,5433278
213,Denmark,2006,5433195
988,Slovakia,2022,5431252
289,Finland,2013,5430351
976,Slovakia,2010,5426041
975,Slovakia,2009,5420245
824,Norway,2019,5419620
212,Denmark,2005,5415505
974,Slovakia,2008,5415208
973,Slovakia,2007,5411223
972,Slovakia,2006,5408943
971,Slovakia,2005,5407674
970,Slovakia,2004,5405585
288,Finland,2012,5405387
969,Slovakia,2003,5403960
968,Slovakia,2002,5403358
967,Slovakia,2001,5402648
211,Denmark,2004,5400727
966,Slovakia,2000,5400320
210,Denmark,2003,5387248
287,Finland,2011,5379679
209,Denmark,2002,5373211
823,Norway,2018,5370697
208,Denmark,2001,5356271
286,Finland,2010,5354669
207,Denmark,2000,5337416
285,Finland,2009,5330210
822,Norway,2017,5318850
284,Finland,2008,5304716
283,Finland,2007,5280151
482,Ireland,2022,5275004
821,Norway,2016,5264276
282,Finland,2006,5257972
281,Finland,2005,5238011
481,Ireland,2021,5224884
280,Finland,2004,5220193
820,Norway,2015,5207134
279,Finland,2003,5205082
278,Finland,2002,5192708
277,Finland,2001,5180309
480,Ireland,2020,5173463
276,Finland,2000,5168595
819,Norway,2014,5147527
479,Ireland,2019,5120458
818,Norway,2013,5085513
478,Ireland,2018,5065676
817,Norway,2012,5021107
477,Ireland,2017,5009156
816,Norway,2011,4955374
476,Ireland,2016,4950973
815,Norway,2010,4891301
475,Ireland,2015,4891224
474,Ireland,2014,4832026
814,Norway,2009,4830659
473,Ireland,2013,4775487
813,Norway,2008,4770097
472,Ireland,2012,4721704
812,Norway,2007,4710953
471,Ireland,2011,4670781
811,Norway,2006,4662367
810,Norway,2005,4624876
470,Ireland,2010,4622824
809,Norway,2004,4593414
469,Ireland,2009,4579972
808,Norway,2003,4566304
807,Norway,2002,4539603
468,Ireland,2008,4517706
806,Norway,2001,4515196
805,Norway,2000,4492401
163,Croatia,2002,4442298
166,Croatia,2005,4441957
165,Croatia,2004,4441435
164,Croatia,2003,4440867
167,Croatia,2006,4440594
168,Croatia,2007,4437353
169,Croatia,2008,4434262
170,Croatia,2009,4428935
467,Ireland,2007,4419984
162,Croatia,2001,4418543
171,Croatia,2010,4417475
172,Croatia,2011,4403676
161,Croatia,2000,4390263
173,Croatia,2012,4389754
174,Croatia,2013,4375160
175,Croatia,2014,4356748
176,Croatia,2015,4335285
177,Croatia,2016,4313911
466,Ireland,2006,4309024
178,Croatia,2017,4292667
179,Croatia,2018,4271543
180,Croatia,2019,4250505
181,Croatia,2020,4229585
182,Croatia,2021,4208973
465,Ireland,2005,4199185
183,Croatia,2022,4188853
690,Moldova,2000,4180215
691,Moldova,2001,4135094
464,Ireland,2004,4091162
692,Moldova,2002,4088890
693,Moldova,2003,4040951
463,Ireland,2003,4002170
694,Moldova,2004,3994611
695,Moldova,2005,3948260
462,Ireland,2002,3933126
696,Moldova,2006,3901079
121,Bosnia and Herzegovina,2006,3894411
120,Bosnia and Herzegovina,2005,3893098
122,Bosnia and Herzegovina,2007,3891846
123,Bosnia and Herzegovina,2008,3888950
124,Bosnia and Herzegovina,2009,3886939
125,Bosnia and Herzegovina,2010,3884835
126,Bosnia and Herzegovina,2011,3882129
127,Bosnia and Herzegovina,2012,3878827
119,Bosnia and Herzegovina,2004,3876894
128,Bosnia and Herzegovina,2013,3874948
461,Ireland,2001,3872700
129,Bosnia and Herzegovina,2014,3870503
130,Bosnia and Herzegovina,2015,3865491
131,Bosnia and Herzegovina,2016,3859923
697,Moldova,2007,3855441
132,Bosnia and Herzegovina,2017,3853839
133,Bosnia and Herzegovina,2018,3847289
118,Bosnia and Herzegovina,2003,3842734
134,Bosnia and Herzegovina,2019,3840279
135,Bosnia and Herzegovina,2020,3832751
117,Bosnia and Herzegovina,2002,3826638
136,Bosnia and Herzegovina,2021,3824782
116,Bosnia and Herzegovina,2001,3822358
460,Ireland,2000,3822196
137,Bosnia and Herzegovina,2022,3816459
698,Moldova,2008,3811762
115,Bosnia and Herzegovina,2000,3805513
699,Moldova,2009,3770697
700,Moldova,2010,3731159
701,Moldova,2011,3692309
702,Moldova,2012,3654059
703,Moldova,2013,3616348
704,Moldova,2014,3579084
705,Moldova,2015,3542172
706,Moldova,2016,3505515
621,Lithuania,2000,3489407
622,Lithuania,2001,3475393
707,Moldova,2017,3469042
623,Lithuania,2002,3453903
708,Moldova,2018,3432718
624,Lithuania,2003,3424736
709,Moldova,2019,3396460
625,Lithuania,2004,3384473
710,Moldova,2020,3360212
626,Lithuania,2005,3326633
711,Moldova,2021,3323875
712,Moldova,2022,3287326
627,Lithuania,2006,3271018
628,Lithuania,2007,3230566
629,Lithuania,2008,3195990
630,Lithuania,2009,3158758
0,Albania,2000,3158351
1,Albania,2001,3128001
2,Albania,2002,3098028
22,Albania,2022,3095344
631,Lithuania,2010,3088773
21,Albania,2021,3088385
20,Albania,2020,3080930
19,Albania,2019,3072944
3,Albania,2003,3069664
18,Albania,2018,3064357
17,Albania,2017,3055278
16,Albania,2016,3045854
4,Albania,2004,3045640
15,Albania,2015,3036304
14,Albania,2014,3026779
5,Albania,2005,3024532
13,Albania,2013,3017282
632,Lithuania,2011,3015011
12,Albania,2012,3007803
6,Albania,2006,3005777
11,Albania,2011,2998428
7,Albania,2007,2991573
10,Albania,2010,2989272
8,Albania,2008,2984372
9,Albania,2009,2983560
633,Lithuania,2012,2973159
634,Lithuania,2013,2943358
635,Lithuania,2014,2914439
636,Lithuania,2015,2884632
637,Lithuania,2016,2855139
638,Lithuania,2017,2825940
639,Lithuania,2018,2797002
640,Lithuania,2019,2768295
641,Lithuania,2020,2739816
642,Lithuania,2021,2711566
643,Lithuania,2022,2683546
575,Latvia,2000,2368427
576,Latvia,2001,2350481
577,Latvia,2002,2330425
578,Latvia,2003,2308159
579,Latvia,2004,2283318
580,Latvia,2005,2258990
581,Latvia,2006,2238543
582,Latvia,2007,2220509
583,Latvia,2008,2197506
584,Latvia,2009,2161153
804,North Macedonia,2022,2130936
803,North Macedonia,2021,2128262
802,North Macedonia,2020,2125463
801,North Macedonia,2019,2122376
800,North Macedonia,2018,2118782
585,Latvia,2010,2115339
799,North Macedonia,2017,2114687
798,North Macedonia,2016,2110184
797,North Macedonia,2015,2105107
1009,Slovenia,2020,2102452
1008,Slovenia,2019,2102381
1010,Slovenia,2021,2102106
1007,Slovenia,2018,2102031
1006,Slovenia,2017,2101369
1011,Slovenia,2022,2101208
1005,Slovenia,2016,2100372
796,North Macedonia,2014,2099581
1004,Slovenia,2015,2099131
1003,Slovenia,2014,2097579
1002,Slovenia,2013,2095552
795,North Macedonia,2013,2094132
1001,Slovenia,2012,2092758
794,North Macedonia,2012,2089228
1000,Slovenia,2011,2088442
793,North Macedonia,2011,2084928
999,Slovenia,2010,2084182
792,North Macedonia,2010,2079955
586,Latvia,2011,2076493
998,Slovenia,2009,2075268
791,North Macedonia,2009,2074492
790,North Macedonia,2008,2069952
789,North Macedonia,2007,2065917
788,North Macedonia,2006,2061665
787,North Macedonia,2005,2057226
997,Slovenia,2008,2056915
786,North Macedonia,2004,2051932
587,Latvia,2012,2051103
785,North Macedonia,2003,2045571
784,North Macedonia,2002,2038574
996,Slovenia,2007,2038124
588,Latvia,2013,2029430
783,North Macedonia,2001,2029420
995,Slovenia,2006,2026870
994,Slovenia,2005,2020477
782,North Macedonia,2000,2017370
993,Slovenia,2004,2016922
992,Slovenia,2003,2015611
991,Slovenia,2002,2014637
990,Slovenia,2001,2013323
989,Slovenia,2000,2011242
589,Latvia,2014,2007714
590,Latvia,2015,1986717
591,Latvia,2016,1965848
574,Kosovo,2022,1952701
592,Latvia,2017,1945078
573,Kosovo,2021,1942251
572,Kosovo,2020,1931888
593,Latvia,2018,1924381
571,Kosovo,2019,1919978
570,Kosovo,2018,1907199
594,Latvia,2019,1903750
569,Kosovo,2017,1894666
595,Latvia,2020,1883186
568,Kosovo,2016,1882352
567,Kosovo,2015,1870354
596,Latvia,2021,1862687
566,Kosovo,2014,1858674
565,Kosovo,2013,1847268
597,Latvia,2022,1842226
564,Kosovo,2012,1836167
563,Kosovo,2011,1825340
562,Kosovo,2010,1814820
561,Kosovo,2009,1804666
560,Kosovo,2008,1794860
559,Kosovo,2007,1785393
558,Kosovo,2006,1776648
557,Kosovo,2005,1767272
556,Kosovo,2004,1757128
555,Kosovo,2003,1747527
554,Kosovo,2002,1737479
553,Kosovo,2001,1720532
552,Kosovo,2000,1700132
230,Estonia,2000,1379671
231,Estonia,2001,1369399
232,Estonia,2002,1359260
233,Estonia,2003,1349483
234,Estonia,2004,1340354
235,Estonia,2005,1331702
236,Estonia,2006,1322944
237,Estonia,2007,1316118
238,Estonia,2008,1311467
239,Estonia,2009,1307409
240,Estonia,2010,1302817
241,Estonia,2011,1297236
242,Estonia,2012,1288868
243,Estonia,2013,1279726
244,Estonia,2014,1272393
245,Estonia,2015,1265255
246,Estonia,2016,1258272
247,Estonia,2017,1251222
248,Estonia,2018,1243890
249,Estonia,2019,1236253
250,Estonia,2020,1228296
251,Estonia,2021,1220042
252,Estonia,2022,1211524
666,Luxembourg,2022,650364
665,Luxembourg,2021,639589
664,Luxembourg,2020,628615
736,Montenegro,2000,622985
737,Montenegro,2001,622684
746,Montenegro,2010,622553
747,Montenegro,2011,622433
748,Montenegro,2012,622079
738,Montenegro,2002,621991
745,Montenegro,2009,621968
749,Montenegro,2013,621603
744,Montenegro,2008,621000
739,Montenegro,2003,620914
750,Montenegro,2014,620897
741,Montenegro,2005,620641
740,Montenegro,2004,620511
743,Montenegro,2007,620495
742,Montenegro,2006,620482
751,Montenegro,2015,619723
752,Montenegro,2016,618126
663,Luxembourg,2019,617419
753,Montenegro,2017,616284
754,Montenegro,2018,614229
755,Montenegro,2019,612064
756,Montenegro,2020,609786
757,Montenegro,2021,607414
662,Luxembourg,2018,605984
758,Montenegro,2022,604966
661,Luxembourg,2017,594319
660,Luxembourg,2016,582432
659,Luxembourg,2015,570327
658,Luxembourg,2014,558008
657,Luxembourg,2013,545475
656,Luxembourg,2012,533061
655,Luxembourg,2011,520556
654,Luxembourg,2010,509257
653,Luxembourg,2009,500087
652,Luxembourg,2008,490953
651,Luxembourg,2007,482297
650,Luxembourg,2006,474942
649,Luxembourg,2005,467463
689,Malta,2022,464186
688,Malta,2021,460891
648,Luxembourg,2004,460400
687,Malta,2020,457270
647,Luxembourg,2003,453937
686,Malta,2019,453321
685,Malta,2018,449044
646,Luxembourg,2002,448481
684,Malta,2017,444458
645,Luxembourg,2001,443831
683,Malta,2016,439578
644,Luxembourg,2000,438499
682,Malta,2015,434537
681,Malta,2014,430028
680,Malta,2013,426039
679,Malta,2012,422121
678,Malta,2011,418933
677,Malta,2010,417173
676,Malta,2009,415142
675,Malta,2008,412044
674,Malta,2007,409389
673,Malta,2006,407973
672,Malta,2005,406510
671,Malta,2004,404123
670,Malta,2003,401653
669,Malta,2002,399174
668,Malta,2001,396765
667,Malta,2000,394215
459,Iceland,2022,357603
458,Iceland,2021,354234
457,Iceland,2020,350773
456,Iceland,2019,347209
455,Iceland,2018,343534
454,Iceland,2017,339755
453,Iceland,2016,335881
452,Iceland,2015,331919
451,Iceland,2014,327872
450,Iceland,2013,323744
449,Iceland,2012,320531
448,Iceland,2011,318851
446,Iceland,2009,318453
447,Iceland,2010,317924
445,Iceland,2008,317363
444,Iceland,2007,311492
443,Iceland,2006,303734
442,Iceland,2005,296699
441,Iceland,2004,292078
440,Iceland,2003,289516
439,Iceland,2002,287448
438,Iceland,2001,284805
437,Iceland,2000,281038
551,Jersey,2022,102146
550,Jersey,2021,101476
549,Jersey,2020,100782
548,Jersey,2019,100066
547,Jersey,2018,99332
546,Jersey,2017,98586
545,Jersey,2016,97836
544,Jersey,2015,97084
543,Jersey,2014,96330
542,Jersey,2013,95578
541,Jersey,2012,94826
540,Jersey,2011,94074
539,Jersey,2010,93317
538,Jersey,2009,92515
537,Jersey,2008,91628
505,Isle of Man,2022,91382
504,Isle of Man,2021,90895
536,Jersey,2007,90452
503,Isle of Man,2020,90381
502,Isle of Man,2019,89840
501,Isle of Man,2018,89272
535,Jersey,2006,89245
500,Isle of Man,2017,88678
534,Jersey,2005,88491
533,Jersey,2004,88171
532,Jersey,2003,88087
499,Isle of Man,2016,88060
531,Jersey,2002,87970
530,Jersey,2001,87731
498,Isle of Man,2015,87418
529,Jersey,2000,87379
497,Isle of Man,2014,86751
496,Isle of Man,2013,86058
41,Andorra,2018,85813
40,Andorra,2017,85811
42,Andorra,2019,85782
39,Andorra,2016,85771
43,Andorra,2020,85722
38,Andorra,2015,85690
44,Andorra,2021,85645
37,Andorra,2014,85563
45,Andorra,2022,85560
36,Andorra,2013,85389
495,Isle of Man,2012,85339
35,Andorra,2012,85164
34,Andorra,2011,84888
494,Isle of Man,2011,84597
33,Andorra,2010,84563
32,Andorra,2009,83904
493,Isle of Man,2010,83829
492,Isle of Man,2009,83031
31,Andorra,2008,82631
491,Isle of Man,2008,82201
490,Isle of Man,2007,81347
30,Andorra,2007,80757
489,Isle of Man,2006,80472
488,Isle of Man,2005,79590
487,Isle of Man,2004,78744
29,Andorra,2006,78294
486,Isle of Man,2003,77958
485,Isle of Man,2002,77190
484,Isle of Man,2001,76422
28,Andorra,2005,76122
483,Isle of Man,2000,75703
27,Andorra,2004,73247
26,Andorra,2003,68782
413,Guernsey,2022,67491
412,Guernsey,2021,67334
411,Guernsey,2020,67173
410,Guernsey,2019,67003
409,Guernsey,2018,66819
408,Guernsey,2017,66621
407,Guernsey,2016,66411
406,Guernsey,2015,66187
25,Andorra,2002,65986
405,Guernsey,2014,65946
404,Guernsey,2013,65689
403,Guernsey,2012,65413
24,Andorra,2001,65316
402,Guernsey,2011,65116
23,Andorra,2000,65099
401,Guernsey,2010,64799
400,Guernsey,2009,64459
399,Guernsey,2008,64095
398,Guernsey,2007,63743
397,Guernsey,2006,63432
396,Guernsey,2005,63131
395,Guernsey,2004,62857
394,Guernsey,2003,62597
393,Guernsey,2002,62368
392,Guernsey,2001,62167
391,Guernsey,2000,61948
275,Faroe Islands,2022,52269
274,Faroe Islands,2021,51943
273,Faroe Islands,2020,51624
272,Faroe Islands,2019,51313
271,Faroe Islands,2018,51011
270,Faroe Islands,2017,50722
269,Faroe Islands,2016,50447
268,Faroe Islands,2015,50187
267,Faroe Islands,2014,49938
266,Faroe Islands,2013,49701
265,Faroe Islands,2012,49476
264,Faroe Islands,2011,49261
263,Faroe Islands,2010,49052
262,Faroe Islands,2009,48852
261,Faroe Islands,2008,48664
260,Faroe Islands,2007,48487
259,Faroe Islands,2006,48321
258,Faroe Islands,2005,48306
257,Faroe Islands,2004,48289
256,Faroe Islands,2003,47953
255,Faroe Islands,2002,47348
254,Faroe Islands,2001,46589
253,Faroe Islands,2000,45793
620,Liechtenstein,2022,39711
619,Liechtenstein,2021,39425
618,Liechtenstein,2020,39137
617,Liechtenstein,2019,38845
616,Liechtenstein,2018,38547
615,Liechtenstein,2017,38245
614,Liechtenstein,2016,37938
613,Liechtenstein,2015,37625
612,Liechtenstein,2014,37314
611,Liechtenstein,2013,37010
610,Liechtenstein,2012,36713
609,Liechtenstein,2011,36422
608,Liechtenstein,2010,36137
607,Liechtenstein,2009,35856
606,Liechtenstein,2008,35600
605,Liechtenstein,2007,35390
604,Liechtenstein,2006,35164
603,Liechtenstein,2005,34880
942,San Marino,2022,34682
602,Liechtenstein,2004,34574
941,San Marino,2021,34467
940,San Marino,2020,34247
601,Liechtenstein,2003,34206
939,San Marino,2019,34019
600,Liechtenstein,2002,33821
938,San Marino,2018,33782
937,San Marino,2017,33536
599,Liechtenstein,2001,33312
936,San Marino,2016,33279
935,San Marino,2015,33010
598,Liechtenstein,2000,32748
934,San Marino,2014,32729
933,San Marino,2013,32435
932,San Marino,2012,32127
713,Monaco,2000,31855
714,Monaco,2001,31843
931,San Marino,2011,31804
715,Monaco,2002,31654
930,San Marino,2010,31467
716,Monaco,2003,31459
735,Monaco,2022,31400
717,Monaco,2004,31265
734,Monaco,2021,31223
929,San Marino,2009,31115
718,Monaco,2005,31098
733,Monaco,2020,31066
719,Monaco,2006,30949
732,Monaco,2019,30929
720,Monaco,2007,30831
731,Monaco,2018,30810
928,San Marino,2008,30746
721,Monaco,2008,30730
730,Monaco,2017,30711
722,Monaco,2009,30649
729,Monaco,2016,30632
723,Monaco,2010,30589
728,Monaco,2015,30573
724,Monaco,2011,30547
727,Monaco,2014,30535
725,Monaco,2012,30523
726,Monaco,2013,30519
927,San Marino,2007,30347
926,San Marino,2006,29953
925,San Marino,2005,29605
367,Gibraltar,2022,29573
366,Gibraltar,2021,29516
365,Gibraltar,2020,29459
364,Gibraltar,2019,29400
363,Gibraltar,2018,29338
362,Gibraltar,2017,29273
924,San Marino,2004,29212
361,Gibraltar,2016,29206
360,Gibraltar,2015,29137
359,Gibraltar,2014,29066
358,Gibraltar,2013,28992
357,Gibraltar,2012,28916
356,Gibraltar,2011,28840
355,Gibraltar,2010,28764
923,San Marino,2003,28733
354,Gibraltar,2009,28685
353,Gibraltar,2008,28603
352,Gibraltar,2007,28522
351,Gibraltar,2006,28468
350,Gibraltar,2005,28417
349,Gibraltar,2004,28383
348,Gibraltar,2003,28315
347,Gibraltar,2002,28201
922,San Marino,2002,28191
346,Gibraltar,2001,28017
921,San Marino,2001,27615
345,Gibraltar,2000,27273
920,San Marino,2000,27079
