,Country Name,Year,PIB_abs
0,Albania,2000,1127.64
1,Austria,2000,24636.471
2,Belgium,2000,23136.511
3,Bulgaria,2000,1625.322
4,Cyprus,2000,14464.816
5,Denmark,2000,30798.717
6,Finland,2000,24379.783
7,France,2000,23212.45
8,Germany,2000,23924.876
9,Greece,2000,12164.719
10,Hungary,2000,4619.293
11,Iceland,2000,32344.364
12,Ireland,2000,26186.264
13,Italy,2000,20153.067
14,Luxembourg,2000,48984.173
15,Malta,2000,10482.0
16,Netherlands,2000,26327.855
17,Norway,2000,38047.948
18,Poland,2000,4485.064
19,Portugal,2000,11531.467
20,Romania,2000,1661.714
21,Spain,2000,14761.108
22,Sweden,2000,29589.141
23,Switzerland,2000,38970.184
24,United Kingdom,2000,28279.663
25,Albania,2001,1283.573
26,Austria,2001,24558.922
27,Belgium,2001,23067.163
28,Bulgaria,2001,1797.392
29,Cyprus,2001,14905.024
30,Denmark,2001,30806.607
31,Finland,2001,25001.18
32,France,2001,23245.258
33,Germany,2001,23869.773
34,Greece,2001,12473.285
35,Hungary,2001,5269.607
36,Iceland,2001,29061.339
37,Ireland,2001,28120.1
38,Italy,2001,20505.939
39,Luxembourg,2001,48719.11
40,Malta,2001,10447.791
41,Netherlands,2001,26996.17
42,Norway,2001,38494.685
43,Poland,2001,4987.859
44,Portugal,2001,11734.878
45,Romania,2001,1802.675
46,Spain,2001,15400.911
47,Sweden,2001,27207.49
48,Switzerland,2001,39832.203
49,United Kingdom,2001,27816.748
50,Albania,2002,1425.125
51,Austria,2002,26508.32
52,Belgium,2002,25044.331
53,Bulgaria,2002,2090.683
54,Cyprus,2002,16188.394
55,Denmark,2002,33275.556
56,Finland,2002,27008.262
57,France,2002,25137.402
58,Germany,2002,25460.334
59,Greece,2002,14065.791
60,Hungary,2002,6644.61
61,Iceland,2002,32516.441
62,Ireland,2002,32482.077
63,Italy,2002,22386.279
64,Luxembourg,2002,53227.552
65,Malta,2002,11346.456
66,Netherlands,2002,29401.972
67,Norway,2002,42997.959
68,Poland,2002,5205.517
69,Portugal,2002,12927.584
70,Romania,2002,2113.596
71,Spain,2002,17097.916
72,Sweden,2002,29846.186
73,Switzerland,2002,42656.564
74,United Kingdom,2002,30099.602
75,Albania,2003,1846.119
76,Austria,2003,32298.607
77,Belgium,2003,30707.665
78,Bulgaria,2003,2710.577
79,Cyprus,2003,20389.178
80,Denmark,2003,40512.045
81,Finland,2003,32961.92
82,France,2003,30682.636
83,Germany,2003,30668.849
84,Greece,2003,18378.281
85,Hungary,2003,8410.769
86,Iceland,2003,39620.411
87,Ireland,2003,40940.136
88,Italy,2003,27580.457
89,Luxembourg,2003,66160.476
90,Malta,2003,13730.313
91,Netherlands,2003,35814.268
92,Norway,2003,50046.34
93,Poland,2003,5699.557
94,Portugal,2003,15793.852
95,Romania,2003,2672.811
96,Spain,2003,21501.074
97,Sweden,2003,37249.257
98,Switzerland,2003,49512.213
99,United Kingdom,2003,34524.996
100,Albania,2004,2373.58
101,Austria,2004,36883.892
102,Belgium,2004,35497.552
103,Bulgaria,2004,3370.382
104,Cyprus,2004,23969.645
105,Denmark,2004,46571.283
106,Finland,2004,37816.081
107,France,2004,35016.219
108,Germany,2004,34534.814
109,Greece,2004,21829.501
110,Hungary,2004,10275.774
111,Iceland,2004,47579.937
112,Ireland,2004,47389.262
113,Italy,2004,31342.833
114,Luxembourg,2004,77030.646
115,Malta,2004,15260.887
116,Netherlands,2004,40477.3
117,Norway,2004,57512.221
118,Poland,2004,6684.675
119,Portugal,2004,18055.893
120,Romania,2004,3483.726
121,Spain,2004,24932.129
122,Sweden,2004,42736.876
123,Switzerland,2004,54782.269
124,United Kingdom,2004,40415.48
125,Albania,2005,2673.773
126,Austria,2005,38450.609
127,Belgium,2005,36945.499
128,Bulgaria,2005,3869.588
129,Cyprus,2005,25527.252
130,Denmark,2005,48872.095
131,Finland,2005,39147.216
132,France,2005,36057.117
133,Germany,2005,35020.197
134,Greece,2005,22417.643
135,Hungary,2005,11188.448
136,Iceland,2005,57405.559
137,Ireland,2005,50476.482
138,Italy,2005,32031.448
139,Luxembourg,2005,81728.632
140,Malta,2005,15930.142
141,Netherlands,2005,42054.884
142,Norway,2005,66687.757
143,Poland,2005,8023.921
144,Portugal,2005,18790.561
145,Romania,2005,4604.45
146,Spain,2005,26438.031
147,Sweden,2005,43349.851
148,Switzerland,2005,56379.113
149,United Kingdom,2005,42171.202
150,Albania,2006,2972.745
151,Austria,2006,40674.883
152,Belgium,2006,38841.785
153,Bulgaria,2006,4477.028
154,Cyprus,2006,27448.569
155,Denmark,2006,52121.249
156,Finland,2006,41308.623
157,France,2006,37795.916
158,Germany,2006,36894.468
159,Greece,2006,24648.873
160,Hungary,2006,11469.411
161,Iceland,2006,58238.886
162,Ireland,2006,53738.836
163,Italy,2006,33448.085
164,Luxembourg,2006,91478.072
165,Malta,2006,16818.012
166,Netherlands,2006,44936.006
167,Norway,2006,73970.24
168,Poland,2006,9031.797
169,Portugal,2006,19840.474
170,Romania,2006,5740.402
171,Spain,2006,28414.133
172,Sweden,2006,46425.841
173,Switzerland,2006,59212.284
174,United Kingdom,2006,44731.564
175,Albania,2007,3595.053
176,Austria,2007,46922.558
177,Belgium,2007,44496.791
178,Bulgaria,2007,5811.847
179,Cyprus,2007,31774.607
180,Denmark,2007,58641.193
181,Finland,2007,48590.198
182,France,2007,43060.031
183,Germany,2007,42299.862
184,Greece,2007,28656.233
185,Hungary,2007,13904.826
186,Iceland,2007,70375.326
187,Ireland,2007,60770.052
188,Italy,2007,37828.34
189,Luxembourg,2007,108343.849
190,Malta,2007,19696.182
191,Netherlands,2007,51880.384
192,Norway,2007,84915.639
193,Poland,2007,11252.863
194,Portugal,2007,22813.667
195,Romania,2007,8262.407
196,Spain,2007,32588.562
197,Sweden,2007,53496.534
198,Switzerland,2007,65364.922
199,United Kingdom,2007,50675.532
200,Albania,2008,4370.562
201,Austria,2008,51914.013
202,Belgium,2008,48493.137
203,Bulgaria,2008,7156.176
204,Cyprus,2008,36009.56
205,Denmark,2008,64531.119
206,Finland,2008,53897.91
207,France,2008,47155.211
208,Germany,2008,46367.859
209,Greece,2008,31902.014
210,Hungary,2008,15742.787
211,Iceland,2008,57296.251
212,Ireland,2008,60989.977
213,Italy,2008,40818.96
214,Luxembourg,2008,121616.145
215,Malta,2008,22378.184
216,Netherlands,2008,58015.396
217,Norway,2008,96563.223
218,Poland,2008,13999.496
219,Portugal,2008,24946.256
220,Romania,2008,10385.848
221,Spain,2008,35484.39
222,Sweden,2008,55929.862
223,Switzerland,2008,74664.614
224,United Kingdom,2008,48038.966
225,Albania,2009,4114.09
226,Austria,2009,48111.662
227,Belgium,2009,44892.228
228,Bulgaria,2009,6878.061
229,Cyprus,2009,32650.265
230,Denmark,2009,58286.537
231,Finland,2009,47541.746
232,France,2009,43190.972
233,Germany,2009,42338.713
234,Greece,2009,29577.642
235,Hungary,2009,13035.623
236,Iceland,2009,41188.906
237,Ireland,2009,51943.467
238,Italy,2009,36982.806
239,Luxembourg,2009,110249.419
240,Malta,2009,21223.678
241,Netherlands,2009,52807.447
242,Norway,2009,79746.888
243,Poland,2009,11532.283
244,Portugal,2009,23126.175
245,Romania,2009,8517.598
246,Spain,2009,32131.382
247,Sweden,2009,46734.909
248,Switzerland,2009,71886.617
249,United Kingdom,2009,39101.208
250,Albania,2010,4097.833
251,Austria,2010,46955.173
252,Belgium,2010,44448.17
253,Bulgaria,2010,6753.335
254,Cyprus,2010,31438.962
255,Denmark,2010,58177.162
256,Finland,2010,46647.002
257,France,2010,42178.577
258,Germany,2010,42379.71
259,Greece,2010,26743.4
260,Hungary,2010,13173.209
261,Iceland,2010,43293.021
262,Ireland,2010,48620.625
263,Italy,2010,35815.593
264,Luxembourg,2010,112049.15
265,Malta,2010,21842.065
266,Netherlands,2010,51165.823
267,Norway,2010,87356.193
268,Poland,2010,12619.616
269,Portugal,2010,22539.038
270,Romania,2010,8194.719
271,Spain,2010,30566.877
272,Sweden,2010,52658.794
273,Switzerland,2010,76830.127
274,United Kingdom,2010,39731.624
275,Albania,2011,4439.89
276,Austria,2011,51452.276
277,Belgium,2011,47564.381
278,Bulgaria,2011,7872.043
279,Cyprus,2011,32819.465
280,Denmark,2011,61864.093
281,Finland,2011,51263.574
282,France,2011,45419.973
283,Germany,2011,46697.376
284,Greece,2011,25437.01
285,Hungary,2011,14195.846
286,Iceland,2011,47798.807
287,Ireland,2011,52122.087
288,Italy,2011,38276.034
289,Luxembourg,2011,120526.246
290,Malta,2011,23222.385
291,Netherlands,2011,54342.114
292,Norway,2011,100197.171
293,Poland,2011,13879.525
294,Portugal,2011,23213.126
295,Romania,2011,9075.961
296,Spain,2011,31676.69
297,Sweden,2011,60540.218
298,Switzerland,2011,90936.62
299,United Kingdom,2011,42281.87
300,Albania,2012,4248.909
301,Austria,2012,48616.903
302,Belgium,2012,44824.163
303,Bulgaria,2012,7454.003
304,Cyprus,2012,28993.69
305,Denmark,2012,58623.414
306,Finland,2012,47850.555
307,France,2012,42372.071
308,Germany,2012,43883.393
309,Greece,2012,21845.045
310,Hungary,2012,12935.511
311,Iceland,2012,46159.8
312,Ireland,2012,49029.287
313,Italy,2012,34743.751
314,Luxembourg,2012,113953.492
315,Malta,2012,22674.787
316,Netherlands,2012,50175.559
317,Norway,2012,101129.905
318,Poland,2012,13096.89
319,Portugal,2012,20576.825
320,Romania,2012,8491.033
321,Spain,2012,28344.776
322,Sweden,2012,57816.023
323,Switzerland,2012,86280.525
324,United Kingdom,2012,42691.188
325,Albania,2013,4415.6
326,Austria,2013,50747.384
327,Belgium,2013,46848.612
328,Bulgaria,2013,7702.783
329,Cyprus,2013,27601.694
330,Denmark,2013,61325.575
331,Finland,2013,50006.019
332,France,2013,44144.617
333,Germany,2013,46299.371
334,Greece,2013,21712.016
335,Hungary,2013,13665.526
336,Iceland,2013,50100.084
337,Ireland,2013,51472.086
338,Italy,2013,35534.99
339,Luxembourg,2013,121423.168
340,Malta,2013,24972.679
341,Netherlands,2013,52276.986
342,Norway,2013,102576.68
343,Poland,2013,13688.355
344,Portugal,2013,21653.505
345,Romania,2013,9530.441
346,Spain,2013,29084.958
347,Sweden,2013,60845.007
348,Switzerland,2013,87873.415
349,United Kingdom,2013,43757.447
350,Albania,2014,4584.919
351,Austria,2014,51814.424
352,Belgium,2014,47897.037
353,Bulgaria,2014,7925.691
354,Cyprus,2014,26995.186
355,Denmark,2014,62729.499
356,Finland,2014,50434.791
357,France,2014,44616.455
358,Germany,2014,48035.802
359,Greece,2014,21554.224
360,Hungary,2014,14251.799
361,Iceland,2014,54864.159
362,Ireland,2014,55542.018
363,Italy,2014,35836.161
364,Luxembourg,2014,125200.137
365,Malta,2014,27080.097
366,Netherlands,2014,53026.478
367,Norway,2014,96657.575
368,Poland,2014,14272.29
369,Portugal,2014,22109.318
370,Romania,2014,10021.543
371,Spain,2014,29524.755
372,Sweden,2014,59704.814
373,Switzerland,2014,89270.321
374,United Kingdom,2014,47816.045
375,Albania,2015,3953.611
376,Austria,2015,44267.809
377,Belgium,2015,41147.261
378,Bulgaria,2015,7098.587
379,Cyprus,2015,23428.592
380,Denmark,2015,53478.495
381,Finland,2015,42867.09
382,France,2015,37937.861
383,Germany,2015,41107.222
384,Greece,2015,18023.869
385,Hungary,2015,12690.167
386,Iceland,2015,53227.627
387,Ireland,2015,61902.659
388,Italy,2015,30463.696
389,Luxembourg,2015,106710.076
390,Malta,2015,25228.175
391,Netherlands,2015,45302.804
392,Norway,2015,74115.155
393,Poland,2015,12563.614
394,Portugal,2015,19252.015
395,Romania,2015,8942.2
396,Spain,2015,25764.215
397,Sweden,2015,51274.278
398,Switzerland,2015,84229.414
399,United Kingdom,2015,45418.935
400,Albania,2016,4124.405
401,Austria,2016,45278.829
402,Belgium,2016,42076.398
403,Bulgaria,2016,7596.464
404,Cyprus,2016,24692.372
405,Denmark,2016,54862.848
406,Finland,2016,43865.756
407,France,2016,38348.507
408,Germany,2016,42124.196
409,Greece,2016,17906.08
410,Hungary,2016,13086.074
411,Iceland,2016,62530.419
412,Ireland,2016,62668.052
413,Italy,2016,31190.776
414,Luxembourg,2016,107948.199
415,Malta,2016,25897.872
416,Netherlands,2016,46165.177
417,Norway,2016,70223.817
418,Poland,2016,12438.523
419,Portugal,2016,19986.362
420,Romania,2016,9520.439
421,Spain,2016,26535.546
422,Sweden,2016,51590.473
423,Switzerland,2016,82570.749
424,United Kingdom,2016,41630.457
425,Albania,2017,4525.887
426,Austria,2017,47320.537
427,Belgium,2017,44274.073
428,Bulgaria,2017,8414.389
429,Cyprus,2017,26746.283
430,Denmark,2017,57772.553
431,Finland,2017,46437.211
432,France,2017,40134.128
433,Germany,2017,44636.833
434,Greece,2017,18552.181
435,Hungary,2017,14608.721
436,Iceland,2017,73085.132
437,Ireland,2017,69685.259
438,Italy,2017,32648.756
439,Luxembourg,2017,111211.579
440,Malta,2017,29295.32
441,Netherlands,2017,48799.874
442,Norway,2017,75306.667
443,Poland,2017,13868.906
444,Portugal,2017,21482.834
445,Romania,2017,10776.672
446,Spain,2017,28196.759
447,Sweden,2017,53459.072
448,Switzerland,2017,82576.399
449,United Kingdom,2017,40903.517
450,Albania,2018,5257.714
451,Austria,2018,51254.398
452,Belgium,2018,47689.493
453,Bulgaria,2018,9489.641
454,Cyprus,2018,29546.547
455,Denmark,2018,61724.492
456,Finland,2018,50032.02
457,France,2018,43060.59
458,Germany,2018,47961.036
459,Greece,2018,19750.743
460,Hungary,2018,16423.28
461,Iceland,2018,75374.147
462,Ireland,2018,78988.565
463,Italy,2018,34917.563
464,Luxembourg,2018,118466.355
465,Malta,2018,32175.984
466,Netherlands,2018,53224.694
467,Norway,2018,82082.117
468,Poland,2018,15468.264
469,Portugal,2018,23573.299
470,Romania,2018,12361.143
471,Spain,2018,30423.167
472,Sweden,2018,54295.731
473,Switzerland,2018,85547.814
474,United Kingdom,2018,43718.965
475,Albania,2019,5345.058
476,Austria,2019,50239.416
477,Belgium,2019,46740.49
478,Bulgaria,2019,9914.32
479,Cyprus,2019,29411.884
480,Denmark,2019,59678.596
481,Finland,2019,48667.723
482,France,2019,41924.837
483,Germany,2019,46798.83
484,Greece,2019,19130.444
485,Hungary,2019,16731.469
486,Iceland,2019,69542.649
487,Ireland,2019,80690.152
488,Italy,2019,33627.862
489,Luxembourg,2019,114357.509
490,Malta,2019,31866.528
491,Netherlands,2019,52672.504
492,Norway,2019,75594.048
493,Poland,2019,15726.878
494,Portugal,2019,23333.317
495,Romania,2019,12863.245
496,Spain,2019,29576.25
497,Sweden,2019,51694.498
498,Switzerland,2019,84476.471
499,United Kingdom,2019,43121.056
500,Albania,2020,5268.239
501,Austria,2020,48636.302
502,Belgium,2020,45238.677
503,Bulgaria,2020,10119.909
504,Cyprus,2020,27783.759
505,Denmark,2020,61005.841
506,Finland,2020,49157.627
507,France,2020,40377.526
508,Germany,2020,46735.314
509,Greece,2020,17603.435
510,Hungary,2020,16044.088
511,Iceland,2020,59578.822
512,Ireland,2020,85225.087
513,Italy,2020,31707.096
514,Luxembourg,2020,117063.654
515,Malta,2020,28997.27
516,Netherlands,2020,52222.364
517,Norway,2020,67265.894
518,Poland,2020,15801.557
519,Portugal,2020,22176.752
520,Romania,2020,12908.811
521,Spain,2020,27039.18
522,Sweden,2020,52706.294
523,Switzerland,2020,85870.059
524,United Kingdom,2020,41127.443
525,Albania,2021,6373.3
526,Austria,2021,53332.268
527,Belgium,2021,51849.343
528,Bulgaria,2021,11745.571
529,Cyprus,2021,30957.168
530,Denmark,2021,68202.07
531,Finland,2021,53774.197
532,France,2021,45187.772
533,Germany,2021,51237.643
534,Greece,2021,20263.285
535,Hungary,2021,18732.38
536,Iceland,2021,69422.382
537,Ireland,2021,100129.453
538,Italy,2021,35472.803
539,Luxembourg,2021,136701.396
540,Malta,2021,33667.367
541,Netherlands,2021,57996.912
542,Norway,2021,89041.586
543,Poland,2021,17945.751
544,Portugal,2021,24296.069
545,Romania,2021,14794.858
546,Spain,2021,30089.517
547,Sweden,2021,60815.535
548,Switzerland,2021,92248.643
549,United Kingdom,2021,47328.778
550,Albania,2022,6369.009
551,Austria,2022,52061.652
552,Belgium,2022,50597.868
553,Bulgaria,2022,12505.009
554,Cyprus,2022,29534.735
555,Denmark,2022,65713.412
556,Finland,2022,50818.382
557,France,2022,42330.451
558,Germany,2022,48397.797
559,Greece,2022,20875.779
560,Hungary,2022,18982.752
561,Iceland,2022,73981.336
562,Ireland,2022,102217.439
563,Italy,2022,33739.75
564,Luxembourg,2022,127672.531
565,Malta,2022,32912.469
566,Netherlands,2022,56297.803
567,Norway,2022,92645.973
568,Poland,2022,19023.228
569,Portugal,2022,24910.413
570,Romania,2022,15618.842
571,Spain,2022,29198.086
572,Sweden,2022,56361.425
573,Switzerland,2022,92434.492
574,United Kingdom,2022,47317.565
